Fit: y = 0.126266 * x + 2.02628
chi2 = 791244
chi2/ndof = 34401.9
